#C:\Users\boris\Anaconda3\lib\site-packages\ipykernel_launcher.py -f C:\Users\boris\AppData\Roaming\jupyter\runtime\kernel-6fb9ac5d-e42d-464b-b3e5-05b747e761a0.json
# GMT Mon Aug 12 18:03:41 2019
# 
245089915 181857 362289 1225528 2269407 2999879 7024732 13759701 15805266 17778872 20352294 57026122 68559338 71561540 75011672 89534190 91888646 99468653 102038177 107893278 119007020 123543974 125646982 127666046 140878439 143645548 145675539 146074673 153255336 155987360 166141735 168682516 171798925 177014487 178704655 182249155 183097641 184862504 190016644 191215854 193795087 195097896 199148993 200064897 200109760 211915613 215297094 217970740 218094688 219639443 220592933 221707956 222901639 225193884 230749912 231293500 235933101 245520002 245724909 248819266 254035611 255725430 259874028 269339915 271552501 271594863 272023406 272539771 274928641 277313001 284097634 286796214 288686280 290972119 307781328 310687612 314043174 316639638 319093782 326754942 328521729 341467094 344871324 349502792 350514763 353578334 355269411 361020825 370285501 372043906 372528730 378235354 378420873 396019165 396970062 402705610 415803087 415808612 435265609 445138646 453566375 481817785 493754172
181857 2999879 13759701 68559338 123543974 140878439 190016644 195097896 378420873 415808612
362289 17778872 99468653 119007020 127666046 143645548 146074673 166141735 168682516 183097641 191215854 215297094 217970740 219639443 222901639 271594863 272539771 277313001 290972119 355269411 370285501
1225528 2269407 57026122 271552501
2269407 13759701 57026122 271552501
2999879 13759701 123543974 125646982 284097634
7024732 13759701 20352294 68559338 71561540 75011672 91888646 123543974 140878439 155987360 177014487 190016644 193795087 195097896 200064897 200109760 211915613 230749912 231293500 235933101 245520002 271552501 272023406 341467094 372043906 378420873 402705610 415803087 415808612
13759701 20352294 68559338 71561540 75011672 91888646 140878439 155987360 177014487 190016644 193795087 200109760 211915613 230749912 231293500 245520002 259874028 269339915 271552501 272023406 341467094 344871324 372043906 378420873 402705610 415803087 415808612
15805266
17778872 99468653 119007020 127666046 143645548 146074673 166141735 168682516 171798925 183097641 191215854 215297094 217970740 219639443 222901639 255725430 272539771 277313001 290972119 355269411 370285501
20352294 68559338 71561540 75011672 91888646 107893278 123543974 140878439 155987360 177014487 190016644 193795087 195097896 200064897 200109760 211915613 230749912 231293500 235933101 245520002 269339915 271552501 272023406 341467094 344871324 372043906 378235354 378420873 402705610 415803087 415808612
57026122
68559338 71561540 91888646 123543974 140878439 155987360 177014487 190016644 195097896 199148993 200064897 245520002 269339915 272023406 341467094 378420873
71561540 91888646 107893278 123543974 125646982 140878439 155987360 177014487 190016644 193795087 195097896 200064897 200109760 211915613 230749912 231293500 245520002 259874028 272023406 341467094 344871324 378420873 415808612
75011672 140878439 155987360 190016644 195097896 200064897 231293500 245520002 269339915 272023406 314043174 344871324 402705610
89534190 127666046 143645548 146074673 168682516 171798925 183097641 191215854 215297094 217970740 222901639 225193884 255725430 277313001 290972119 355269411 361020825 370285501 445138646
91888646 155987360 190016644 195097896 200064897 200109760 231293500 341467094 378420873
99468653 119007020 127666046 143645548 146074673 166141735 168682516 171798925 183097641 191215854 215297094 219639443 222901639 225193884 255725430 271594863 277313001 286796214 290972119 355269411 361020825 370285501 445138646
102038177 127666046 191215854 225193884
107893278 123543974 125646982 140878439 190016644 193795087 230749912 235933101 245520002 269339915 271552501 326754942 341467094 378420873
119007020 127666046 143645548 146074673 166141735 168682516 171798925 183097641 191215854 215297094 217970740 219639443 222901639 225193884 248819266 255725430 271594863 272539771 277313001 286796214 290972119 355269411 361020825 370285501 445138646
123543974 125646982 140878439 155987360 190016644 193795087 200064897 211915613 230749912 231293500 245520002 269339915 271552501 272023406 284097634 341467094 344871324 378420873 402705610 415803087
125646982 155987360 195097896 231293500 245520002 271552501 284097634 402705610 493754172 140878439 211915613 269339915
127666046 143645548 146074673 166141735 168682516 171798925 183097641 191215854 215297094 217970740 222901639 225193884 248819266 255725430 271594863 277313001 290972119 355269411 361020825 370285501 445138646
140878439 155987360 190016644 193795087 195097896 199148993 200064897 200109760 211915613 230749912 231293500 235933101 245520002 269339915 271552501 272023406 316639638 341467094 344871324 372043906 378235354 378420873 402705610 415803087 415808612 493754172
143645548 146074673 166141735 168682516 171798925 183097641 191215854 215297094 217970740 222901639 225193884 255725430 271594863 277313001 355269411 361020825 370285501
145675539
146074673 166141735 168682516 183097641 191215854 215297094 217970740 219639443 222901639 225193884 255725430 272539771 277313001 355269411 361020825 370285501
153255336 184862504 218094688 220592933 221707956 254035611 319093782
155987360 177014487 190016644 193795087 195097896 200064897 200109760 211915613 230749912 231293500 235933101 245520002 269339915 272023406 341467094 344871324 372043906 378235354 378420873 402705610 415803087 415808612
166141735 171798925 183097641 191215854 215297094 217970740 222901639 225193884 255725430 271594863 277313001 290972119 355269411 361020825 370285501 445138646
168682516 171798925 183097641 191215854 215297094 217970740 219639443 222901639 272539771 277313001 361020825 370285501 445138646
171798925 191215854 215297094 217970740 222901639 225193884 255725430 277313001 290972119 355269411 361020825 370285501 445138646
177014487 190016644 195097896 200064897 231293500 245520002 269339915 272023406 341467094 344871324 378420873 402705610
178704655
182249155
183097641 191215854 215297094 217970740 222901639 225193884 255725430 277313001 355269411 361020825 370285501 445138646
184862504 220592933 221707956 254035611
190016644 195097896 200064897 200109760 211915613 230749912 231293500 235933101 245520002 269339915 271552501 272023406 341467094 344871324 372043906 378235354 378420873 402705610 415808612
191215854 215297094 222901639 225193884 255725430 272539771 277313001 290972119 355269411 361020825 370285501 445138646
193795087 200109760 211915613 230749912 231293500 235933101 245520002 269339915 272023406 341467094 344871324 372043906 378235354 378420873 402705610 415803087
195097896 200064897 200109760 211915613 230749912 231293500 235933101 245520002 269339915 272023406 341467094 344871324 372043906 378420873 402705610 415803087 415808612
199148993 200109760 211915613 230749912 269339915 314043174 396970062 453566375 493754172
200064897 211915613 378420873
200109760 211915613 231293500 235933101 245520002 269339915 271552501 272023406 316639638 326754942 341467094 344871324 378235354 378420873 402705610 415803087 415808612 493754172
211915613 230749912 231293500 235933101 245520002 259874028 269339915 271552501 272023406 314043174 326754942 341467094 344871324 372043906 378420873 396970062 402705610 415803087 415808612 493754172
215297094 217970740 222901639 272539771 277313001 290972119 355269411 361020825 370285501 445138646
217970740 219639443 271594863 355269411 361020825
218094688 220592933 221707956 254035611 396019165
219639443 248819266 361020825 370285501
220592933 254035611 319093782 396019165
221707956 254035611 396019165
222901639 225193884 248819266 255725430 277313001 290972119 355269411 361020825 370285501
225193884 255725430 271594863 277313001 355269411 361020825 370285501
230749912 235933101 245520002 269339915 272023406 316639638 341467094 344871324 372043906 378420873 415803087 415808612
231293500 245520002 269339915 272023406 326754942 341467094 344871324 372043906 378235354 378420873 402705610 415808612 493754172
235933101 245520002 259874028 269339915 271552501 272023406 326754942 341467094 344871324 372043906 378420873 402705610 415808612
245520002 269339915 271552501 272023406 341467094 344871324 378235354 378420873 402705610 415803087 415808612 493754172
245724909
248819266 290972119 355269411 370285501
254035611 319093782
255725430 277313001 290972119 355269411 361020825 445138646
259874028 272023406
269339915 271552501 272023406 314043174 316639638 344871324 372043906 378235354 396970062 402705610 415803087 415808612 453566375 493754172 341467094 378420873
271552501 316639638 415808612
271594863 277313001 355269411 361020825
272023406 314043174 316639638 326754942 341467094 344871324 372043906 378420873 402705610 415803087 415808612
272539771 370285501
274928641 288686280
277313001 290972119 355269411 361020825 370285501 445138646
284097634
286796214 370285501
288686280
290972119 355269411
307781328
310687612 349502792
314043174 316639638 341467094 378420873 453566375
316639638 341467094 396970062 402705610
319093782
326754942 341467094
328521729
341467094 344871324 372043906 378235354 378420873 396970062 402705610 415803087 415808612 493754172
344871324 372043906 378235354 378420873 402705610 415803087
349502792
350514763
353578334
355269411 361020825 370285501 445138646
361020825 370285501 445138646
370285501 435265609
372043906 378235354 378420873 415808612
372528730
378235354 378420873 402705610 415803087 415808612
378420873 402705610 415803087 415808612
396019165 493754172
396970062 453566375
402705610 415808612
415803087 415808612
415808612
435265609
445138646
453566375 493754172
481817785
493754172
