#C:\Users\boris\Anaconda3\lib\site-packages\ipykernel_launcher.py -f C:\Users\boris\AppData\Roaming\jupyter\runtime\kernel-6fb9ac5d-e42d-464b-b3e5-05b747e761a0.json
# GMT Mon Aug 12 18:05:00 2019
# 
191215854 25441 52310 110317 162447 197085 285450 362289 442652 484897 661217 975258 991244 1502163 1509230 1880779 2125431 2174248 2337613 2384937 2414560 2439560 2624278 2653144 2998971 3112918 3194623 3350197 3760765 3787946 4166980 4317317 4332662 4559411 4690186 4701291 5010866 5313359 5654476 5748819 6164168 6308779 6334985 6799776 6882409 7691110 8315432 8330751 8796770 8899757 8902094 9297270 10325106 10726091 10866456 10892106 11033953 11537523 12947073 13024278 13111621 13270308 15457236 15687937 16050649 16507569 17215505 17778872 17782421 17850179 18411544 18502234 19357521 19549000 19639442 20741206 20831678 20904806 20939335 22268940 22429354 23084742 23168142 23957935 24601231 24718030 25125436 28002813 28363243 30787706 30815991 31024277 31249328 31584986 31952227 32739501 33101572 35220679 35501089 36071090 38243120 38763564 38862602 39711329 40055417 40103392 41074430 41682519 42063614 43221383 44020923 45947780 46032927 47386163 48022557 48221955 48724380 49034876 49040357 49338215 49394219 50164602 50340666 51702762 53312366 53776599 54273914 54728162 55552641 57642566 58295186 58770041 61701095 61833712 64422024 64967339 65848262 66175264 68728741 69316627 69841294 69935586 70515823 71576500 71942643 72994103 73365454 73462712 73824061 76269893 76377473 76686467 77236699 77292955 77928017 78425790 80747656 83205442 84383102 84814071 85038857 86322397 86879814 86923905 89534190 90343795 91670994 91835434 92230772 92621895 93510826 93587301 95237025 95308191 95799270 97019126 97362379 99207577 99468653 99699651 99990177 101642816 102038177 102887810 105036363 106429608 107785978 109057590 111836485 112328275 115521736 119007020 125149889 125914838 127666046 128301849 128429503 132114744 132763902 134246845 134309683 134771621 134900020 136196239 137407396 138269465 140932615 142501820 142791454 143645548 143898598 145430290 145603103 145749315 145893155 146074673 146244646 146266811 147854333 148167712 151571026 152379387 153881174 156166512 156715486 156794611 157047175 157054773 157429953 157561804 159827266 160818546 161371814 164223689 164752911 165100111 165779384 165953456 166141735 166721022 167341007 168553212 168682516 168766605 168942768 169844750 170099909 170102747 170212671 170310075 170356721 171199759 171798925 171888035 171959532 173359517 173555858 175605423 176406608 176788992 177113245 178298103 178925115 179254576 179908015 180080145 180313403 180886131 181191999 182005825 182699459 182776165 182986202 183097641 184118906 188205907 188442131 188453189 188740380 190304529 191026417 191598223 191683642 192754113 194974547 194974663 195785270 195824679 196196005 196837080 198791738 200778584 201073720 201631403 201666131 201872740 201879855 202347055 205445869 206266925 206352149 208573160 209207160 209654375 211221000 211997855 212039508 212120112 212682428 212842084 215254287 215297094 216312691 216816509 217316142 217618390 218619907 219774308 220372315 221209642 221853662 222901639 223175322 224412987 224486464 225193884 226129178 226970904 227034060 227767057 228004659 230567775 231464791 231478580 231843253 232798463 233505311 236917336 238023772 238783385 240076638 240373496 240499144 241616971 241825771 242039667 242670751 245089915 246250745 246988182 247083462 247141261 249048275 249603965 250164704 251616923 252391225 253796660 255040891 255686888 255725430 255751823 255795551 255822093 259055256 259699741 261108181 262839667 263230956 263358172 266939800 268301830 269149773 269722441 270999236 271592768 272265711 272539771 273381171 274610451 274618044 275293111 275479908 275556334 275945552 276020694 277298550 277313001 279423370 279807261 280333814 280536391 283325675 286391914 286852787 288268566 289821406 290972119 291404287 291966188 292915994 293113970 294795049 296933609 298845865 299201276 299734166 300114183 302423123 309243070 310144531 311609610 312074090 312658360 313871303 314898967 315136647 317384980 317932094 319435898 321409469 321777861 323534149 326372187 327191868 327280117 327430256 328445775 330654505 331905177 339966352 342533456 342860014 343894672 346398355 346975018 351934148 355269411 355426296 355427494 356538369 357263141 358518061 359342103 359973964 361020825 362618689 364483961 368269182 368926981 370285501 375111089 378003174 385890402 387616037 387996793 410009689 413938839 415794402 423752789 424934836 426695350 426876587 432317456 433443168 437708631 438676459 442782540 444662931 445138646 445623883 446981018 455312899 458627909 463071381 467710546 479097555 481416165 488337778 508623139 508947736 515694594 527827656 535786738 542076415 555775472
25441 3112918 8899757 13111621 30787706 102887810 145603103 157429953 168942768 173359517 178925115 195824679 291404287
52310 110317 975258 1502163 1509230 2125431 2174248 2337613 2624278 2653144 3194623 3350197 3760765 4559411 4701291 5654476 6882409 11537523 13024278 18502234 22429354 23168142 23957935 38763564 38862602 41682519 46032927 48221955 50164602 50340666 54273914 57642566 58770041 61833712 70515823 78425790 86923905 91835434 95308191 112328275 128429503 136196239 148167712 156715486 165100111 170102747 179908015 180886131 206352149 212039508 231464791 242039667 249048275 255751823 266939800 286852787 362618689 433443168 442782540 455312899
110317 285450 975258 1502163 1509230 2125431 2174248 2624278 2653144 3194623 3350197 4701291 6164168 7691110 10866456 18502234 23168142 28002813 32739501 38763564 38862602 41682519 48221955 50340666 58295186 58770041 71942643 95308191 112328275 156715486 165100111 179908015 249603965
162447 35501089 91670994 242670751 298845865
197085 77292955 91670994 302423123 326372187 330654505
285450 975258 991244 1502163 1509230 2125431 2174248 2337613 2624278 2653144 3194623 3350197 4559411 4701291 5313359 5654476 6164168 7691110 8902094 9297270 10866456 11537523 13024278 16050649 17850179 18502234 19357521 22429354 23168142 23957935 24601231 28002813 30815991 31952227 32739501 38763564 38862602 41682519 46032927 48221955 49338215 50340666 58295186 58770041 61833712 69841294 69935586 70515823 71942643 84383102 86923905 90343795 91835434 95308191 112328275 136196239 148167712 156794611 165100111 170102747 171199759 179908015 180886131 181191999 182986202 188453189 192754113 206352149 211997855 218619907 221209642 221853662 231843253 249603965 255751823 266939800 275556334 279807261 309243070 314898967 359973964 368269182 413938839 455312899 515694594
362289 1880779 2384937 3760765 17778872 40103392 41074430 45947780 48022557 76377473 84814071 92230772 99468653 109057590 115521736 119007020 127666046 143645548 143898598 146074673 146244646 147854333 156166512 166141735 166721022 168682516 175605423 183097641 188740380 191026417 196196005 201872740 202347055 215297094 222901639 245089915 252391225 272265711 272539771 277313001 290972119 315136647 343894672 355269411 357263141 370285501 527827656
442652 4317317
484897 975258 991244 1502163 2125431 2174248 2414560 2624278 2653144 3350197 3760765 4559411 4701291 5313359 5654476 6882409 8330751 8902094 9297270 10726091 10866456 10892106 11537523 15687937 17850179 18502234 22429354 23168142 23957935 24601231 28002813 30815991 31584986 35220679 38763564 38862602 40055417 41682519 42063614 46032927 47386163 48221955 49338215 50164602 53776599 54273914 54728162 58295186 64967339 69841294 70515823 71942643 78425790 80747656 86923905 90343795 91835434 95799270 107785978 109057590 111836485 136196239 156715486 157054773 165100111 169844750 170102747 170310075 173555858 179908015 181191999 182986202 188453189 201879855 206266925 206352149 216816509 218619907 220372315 223175322 240076638 249048275 249603965 255686888 274610451 275556334 279807261 286852787 294795049 309243070 310144531 314898967 343894672 346398355 413938839 423752789 433443168 442782540 467710546 508623139
661217 8315432 17215505 18411544 20939335 65848262 76686467 97362379 137407396 145430290 157561804 275479908 300114183 351934148 415794402
975258 1502163 1509230 2125431 2174248 2337613 2414560 2624278 2653144 3194623 3350197 3760765 4559411 4701291 5010866 5313359 5654476 6164168 6882409 7691110 8330751 8902094 9297270 10726091 10866456 10892106 11033953 11537523 13024278 15687937 16050649 17850179 18502234 22429354 23168142 23957935 24601231 28002813 30815991 31584986 31952227 32739501 35220679 38763564 38862602 41682519 42063614 46032927 47386163 48221955 49338215 50164602 50340666 53776599 54273914 54728162 57642566 58295186 58770041 61833712 64967339 69841294 69935586 70515823 71576500 71942643 76269893 78425790 80747656 84383102 86879814 86923905 90343795 91835434 95308191 95799270 97019126 109057590 111836485 112328275 128429503 134309683 136196239 148167712 156715486 156794611 164223689 165100111 168553212 169844750 170102747 170310075 171199759 173555858 176788992 179908015 181191999 182699459 182986202 184118906 188453189 201879855 206266925 206352149 211997855 212039508 212682428 216816509 218619907 220372315 221209642 221853662 223175322 231464791 240076638 242039667 246250745 249048275 249603965 250164704 255686888 255751823 259699741 266939800 271592768 274610451 275556334 279807261 286852787 291966188 294795049 296933609 309243070 310144531 314898967 342860014 343894672 346398355 359342103 362618689 368269182 413938839 423752789 426876587 432317456 433443168 442782540 455312899 467710546 508623139
991244 1502163 2125431 2337613 2414560 2624278 2653144 3194623 3350197 3760765 4559411 4690186 4701291 5010866 5313359 6882409 7691110 8330751 8902094 9297270 10866456 10892106 11033953 11537523 15687937 17850179 18502234 22429354 23168142 28002813 30815991 31584986 38763564 38862602 40055417 41682519 42063614 47386163 48221955 53776599 54273914 57642566 69841294 70515823 71942643 78425790 80747656 86923905 90343795 91835434 95799270 105036363 107785978 109057590 112328275 148167712 170102747 173555858 182986202 201879855 206266925 206352149 220372315 223175322 255751823 266939800 286852787 294795049 423752789 433443168 442782540
1502163 1509230 2125431 2174248 2337613 2624278 2653144 3194623 3350197 3760765 4317317 4559411 4701291 5313359 5654476 6164168 6882409 7691110 8902094 9297270 10866456 11537523 16050649 17850179 18502234 19357521 22429354 23168142 23957935 24601231 28002813 30815991 31952227 32739501 38763564 38862602 41682519 46032927 48221955 50340666 54273914 54728162 58295186 58770041 61833712 69841294 69935586 71942643 86923905 90343795 91835434 95308191 112328275 136196239 148167712 156715486 165100111 170102747 181191999 188453189 212039508 221209642 231843253 249603965 266939800 275556334 312074090 357263141 433443168
1509230 2125431 2174248 2337613 2624278 2653144 3350197 4559411 4701291 5654476 6164168 9297270 11537523 16050649 18502234 19357521 22429354 23168142 23957935 24601231 28002813 30815991 31952227 32739501 38862602 41682519 46032927 48221955 57642566 58295186 58770041 69935586 71942643 86923905 95308191 112328275 148167712 164223689 165100111 170102747 171199759 179908015 180886131 181191999 182986202 188453189 211997855 275556334
1880779 17778872 41074430 48022557 127666046 143898598 146074673 146244646 147854333 156166512 168682516 188740380 196196005 202347055 215297094 222901639 252391225 272265711 315136647 343894672 357263141
2125431 2174248 2337613 2414560 2624278 2653144 3194623 3350197 4559411 4701291 5654476 6164168 7691110 8902094 9297270 11537523 16050649 23957935 28002813 30815991 38862602 41682519 46032927 48221955 50340666 54273914 58295186 58770041 69935586 71942643 86923905 128429503 136196239 156715486 169844750 181191999 206352149 249603965
2174248 2337613 2414560 2624278 2653144 3194623 3350197 3760765 4559411 4701291 5313359 5654476 6164168 7691110 8330751 8902094 9297270 10866456 11537523 16050649 18502234 19357521 22429354 23168142 23957935 24601231 28002813 30815991 31952227 32739501 38763564 38862602 41682519 42063614 46032927 48221955 50340666 53776599 54273914 54728162 57642566 58295186 58770041 61833712 64967339 69841294 69935586 70515823 71942643 78425790 80747656 86923905 90343795 91835434 93587301 95308191 112328275 128429503 136196239 148167712 156715486 165100111 170102747 179908015 180886131 181191999 182986202 188453189 206352149 211997855 212039508 221853662 231464791 231843253 242039667 249603965 250164704 255751823 259699741 266939800 275556334 279807261 286852787 310144531 312074090 433443168
2337613 2624278 3194623 3350197 4559411 4701291 5313359 5654476 9297270 10866456 16050649 18502234 22429354 23168142 28002813 32739501 38862602 41682519 46032927 48221955 58295186 105036363 181191999 249603965
2384937 73365454 77928017 89534190 99699651 99990177 143898598 146074673 147854333 166721022 171888035 175605423 183097641 201073720 215297094 217618390 218619907 272265711 289821406 317932094 327191868 343894672
2414560 2624278 2653144 3760765 4701291 5010866 5313359 11033953 15687937 17850179 18502234 28002813 30815991 38862602 40055417 41682519 42063614 47386163 53776599 58770041 69841294 76269893 80747656 86923905 95799270 105036363 107785978 112328275 148167712 164223689 173555858 182986202 188453189 216816509 240076638 249603965 266939800
2439560 134771621 191683642 220372315 330654505 426695350 467710546 488337778
2624278 2653144 3194623 3350197 3760765 4559411 4701291 5010866 5313359 5654476 6164168 6882409 7691110 8330751 8902094 9297270 10866456 10892106 11033953 11537523 13024278 15687937 16050649 17850179 18502234 19357521 22429354 23168142 23957935 24601231 28002813 30815991 31584986 31952227 32739501 38763564 38862602 40055417 41682519 42063614 46032927 47386163 48221955 49338215 50164602 50340666 53776599 54273914 57642566 58295186 58770041 61833712 69841294 69935586 71942643 78425790 80747656 83205442 84383102 86879814 86923905 90343795 91835434 93587301 95308191 95799270 97019126 105036363 107785978 109057590 112328275 128429503 136196239 148167712 156715486 165100111 169844750 170102747 171199759 173555858 176788992 179908015 180886131 181191999 182699459 182986202 184118906 188453189 201879855 206352149 211997855 212039508 216816509 218619907 220372315 221209642 221853662 231464791 231843253 240076638 246250745 249048275 249603965 250164704 255040891 255751823 259699741 266939800 271592768 275556334 279807261 286852787 291966188 294795049 309243070 310144531 314898967 342860014 346398355 357263141 362618689 413938839 433443168 442782540 455312899
2653144 3760765 4559411 4701291 5010866 5313359 9297270 10892106 11033953 11537523 15687937 17850179 18502234 23168142 23957935 24601231 28002813 30815991 31584986 31952227 35220679 38763564 38862602 41682519 42063614 46032927 53776599 58770041 69841294 86923905 91835434 95308191 95799270 107785978 136196239 148167712 156715486 165100111 173555858 176788992 179908015 182986202 188453189 206352149 212039508 216816509 240076638 249603965 255751823 266939800 294795049 296933609 312074090
2998971 4317317 231478580
3112918 8899757 13111621 30787706 102887810 145603103 157429953 168942768 178925115 195824679 291404287
3194623 3350197 4701291 5313359 6164168 7691110 10866456 11537523 20741206 22429354 23168142 38862602 41682519 50340666 69841294 249603965
3350197 4559411 4701291 6164168 9297270 10866456 23168142 23957935 38763564 38862602 48221955 58295186 80747656 86923905 105036363 148167712 170102747 206352149 221853662 246250745 249603965
3760765 4559411 4701291 5010866 5313359 6882409 7691110 8330751 8902094 10726091 10892106 11033953 11537523 13024278 15687937 22429354 23168142 23957935 30815991 31584986 35220679 38763564 40055417 41682519 42063614 50164602 50340666 53776599 54273914 54728162 57642566 58295186 58770041 70515823 71576500 71942643 78425790 80747656 86923905 90343795 97019126 107785978 109057590 112328275 128429503 136196239 148167712 156794611 169844750 170102747 171199759 173555858 179908015 180886131 181191999 182699459 182776165 182986202 212039508 221209642 223175322 231464791 231478580 231843253 240076638 249048275 250164704 255751823 266939800 279807261 286852787 291966188 294795049 310144531 423752789 433443168 442782540 508623139 508947736
3787946 86322397 220372315
4166980
4317317 13270308 17215505 23084742 73462712 73824061 231478580 423752789
4332662 176788992
4559411 4701291 5010866 5313359 5654476 6164168 6882409 7691110 8330751 8902094 9297270 10726091 10866456 10892106 11033953 11537523 15687937 16050649 18502234 22429354 23168142 23957935 24601231 28002813 30815991 32739501 35220679 38763564 38862602 41682519 42063614 46032927 48221955 50164602 50340666 53776599 58295186 64967339 69841294 70515823 71576500 71942643 76269893 78425790 80747656 83205442 86923905 91835434 93587301 97019126 111836485 112328275 128429503 134309683 136196239 148167712 164223689 165100111 169844750 170102747 173555858 176788992 179908015 180886131 181191999 188453189 206352149 211997855 212039508 212682428 231478580 240076638 249048275 249603965 255751823 266939800 275556334 279807261 291966188 294795049 309243070 310144531 346398355 423752789 426876587 433443168 442782540 508947736
4690186 8796770 17215505 18411544 28363243 49394219 101642816 125914838 128301849 134246845 145430290 157561804 159827266 226129178 238023772 241616971
4701291 5010866 5313359 5654476 6164168 6882409 7691110 8902094 9297270 10866456 10892106 11537523 13024278 15687937 16050649 17850179 18502234 19357521 22429354 23168142 23957935 24601231 28002813 30815991 31584986 31952227 32739501 35220679 38763564 38862602 41682519 42063614 46032927 47386163 48221955 49338215 50164602 50340666 53776599 54273914 54728162 57642566 58295186 58770041 61833712 64967339 69841294 69935586 70515823 71576500 71942643 76269893 78425790 80747656 83205442 86923905 90343795 91835434 95308191 95799270 97019126 107785978 109057590 111836485 112328275 136196239 148167712 156715486 156794611 157054773 165100111 169844750 170102747 170310075 173555858 176788992 179908015 180886131 181191999 182699459 182776165 182986202 184118906 188453189 192754113 201879855 206352149 211997855 212039508 221209642 221853662 223175322 231464791 231843253 240076638 242039667 249048275 249603965 250164704 255751823 259699741 266939800 275556334 279807261 280536391 286852787 291966188 299734166 309243070 310144531 342860014 343894672 359973964 362618689 413938839 426876587 432317456 433443168 442782540 467710546 508623139 515694594
5010866 5313359 6882409 9297270 10892106 11537523 17850179 20741206 23957935 30815991 38763564 40055417 41682519 42063614 50164602 50340666 53776599 58295186 61833712 78425790 86879814 86923905 90343795 95799270 105036363 136196239 148167712 156715486 169844750 170102747 173555858 179908015 182699459 182986202 188453189 206266925 221853662 246250745 249048275 249603965 255751823 259699741 275556334 279807261 294795049 309243070 310144531 314898967 342860014 433443168
5313359 5654476 6882409 8330751 8902094 9297270 10866456 11537523 16050649 17850179 18502234 22429354 23957935 24601231 28002813 30815991 31584986 31952227 32739501 38862602 40055417 41682519 42063614 46032927 48221955 50340666 58295186 58770041 69841294 69935586 70515823 71942643 80747656 90343795 91835434 105036363 136196239 156715486 156794611 169844750 170102747 173555858 181191999 182986202 188453189 223175322 433443168
5654476 6164168 6882409 7691110 8902094 9297270 10866456 10892106 11537523 15687937 16050649 18502234 22429354 23168142 23957935 24601231 30815991 35220679 38763564 38862602 41682519 46032927 53776599 54728162 58295186 70515823 80747656 86879814 90343795 97019126 128429503 156715486 157054773 173555858 181191999 192754113 195824679 206352149 220372315 221209642 223175322 240076638 249048275 249603965 250164704 255751823 268301830 271592768 274610451 279807261 286852787 291966188 310144531 432317456 433443168 455312899 467710546 515694594
5748819 143645548 156166512 170099909 355269411
6164168 9297270 11537523 16050649 22429354 28002813 38862602 41682519 48221955 49338215 50340666 69935586 91835434 95308191 165100111 181191999 249603965
6308779 481416165
6334985 25125436 217618390 357263141
6799776 31249328
6882409 9297270 10726091 10866456 10892106 11033953 11537523 15687937 18502234 19357521 24601231 30815991 31584986 46032927 48221955 54273914 58295186 71942643 76269893 80747656 86923905 91835434 95799270 148167712 165100111 169844750 170102747 173555858 176788992 179908015 181191999 201879855 206266925 206352149 216816509 223175322 274610451 346398355 423752789 433443168 467710546
7691110 8330751 10866456 10892106 11033953 11537523 13024278 22429354 38862602 41682519 42063614 46032927 50340666 57642566 58295186 58770041 61833712 91835434 136196239 179908015 182986202 223175322 240076638 249603965 255751823 279807261
8315432 17215505 20939335 49394219 65848262 76686467 97362379 137407396 145430290 238023772 275479908 300114183 351934148 415794402
8330751 10726091 10866456 10892106 11537523 15687937 35220679 38763564 40055417 42063614 50340666 54273914 58295186 70515823 76269893 80747656 86923905 95799270 97019126 170310075 173555858 240076638 255751823 275556334 279807261 423752789 433443168
8796770 16507569 17215505 18411544 28363243 49394219 125914838 134246845 145430290 159827266 226129178 238023772 241616971
8899757 30787706 102887810 145603103 178925115 195824679 291404287
8902094 11033953 11537523 15687937 17850179 18502234 20741206 20904806 22429354 23168142 23957935 24601231 28002813 30815991 31584986 32739501 38763564 38862602 41682519 42063614 46032927 53776599 57642566 58295186 69841294 78425790 80747656 90343795 91835434 95799270 112328275 136196239 169844750 173555858 182986202
9297270 10866456 11537523 17850179 18502234 19357521 22429354 23168142 23957935 24601231 30815991 31584986 31952227 32739501 41682519 42063614 46032927 47386163 48221955 50340666 54273914 58295186 58770041 69841294 69935586 80747656 91835434 95308191 95799270 112328275 136196239 148167712 165100111 170102747 181191999 182986202 188453189 201879855 212039508 275556334 357263141
10325106
10726091 10866456 10892106 11537523 35220679 38763564 42063614 50340666 58295186 70515823 76269893 80747656 84814071 95799270 97019126 109057590 111836485 169844750 170310075 176788992 179908015 182776165 191598223 206352149 221209642 240076638 255686888 255751823 274610451 279807261 294795049 314898967 346398355 423752789 467710546
10866456 10892106 11537523 15687937 22429354 23168142 23957935 28002813 30815991 31584986 32739501 38763564 38862602 57642566 58295186 70515823 80747656 91835434 95799270 105036363 107785978 109057590 111836485 169844750 170310075 179908015 182986202 201879855 206352149 220372315 223175322 274610451 346398355 359973964 423752789
10892106 11033953 11537523 13024278 15687937 30815991 31584986 35220679 38763564 50164602 70515823 76269893 80747656 90343795 91835434 95308191 95799270 111836485 132114744 134309683 157054773 169844750 170310075 176788992 182776165 206352149 212039508 212682428 220372315 240076638 242039667 250164704 255686888 255751823 268301830 274610451 275556334 279807261 294795049 314898967 346398355 359342103 362618689 423752789 433443168 442782540 467710546 508623139
11033953 11537523 15687937 17850179 18502234 22429354 28002813 35220679 38763564 42063614 53776599 54273914 54728162 58295186 70515823 83205442 86923905 90343795 95799270 97019126 148167712 180886131 188453189 201879855 206352149 212039508 212682428 240076638 255686888 255751823 274610451 279807261 433443168 442782540 467710546 508623139
11537523 15687937 17850179 18502234 19357521 22429354 23168142 23957935 24601231 28002813 30815991 31584986 31952227 32739501 35220679 38763564 38862602 40055417 41682519 42063614 46032927 47386163 48221955 49338215 50340666 53776599 54273914 57642566 58295186 58770041 64967339 69841294 69935586 70515823 71576500 71942643 78425790 80747656 86923905 90343795 91835434 95308191 95799270 105036363 107785978 109057590 111836485 134771621 136196239 148167712 156715486 165100111 169844750 170102747 173555858 176788992 179908015 181191999 182986202 201879855 206266925 206352149 212039508 212682428 216816509 223175322 255686888 255751823 266939800 274610451 279807261 343894672 346398355 423752789 433443168 442782540 467710546
12947073 72994103 134771621 263230956 321777861 328445775
13024278 30815991 38763564 53776599 54728162 58295186 58770041 70515823 90343795 97019126 156794611 171199759 182986202 188453189 192754113 218619907 240076638 242039667 255751823 279807261 314898967 359973964 433443168
13111621 13270308 30787706 102887810 157429953 178925115 195824679 206266925 291404287
13270308
15457236 20831678 106429608 151571026 152379387 165953456 184118906 188442131 194974663 201666131 208573160 224412987 224486464 227767057 236917336 251616923 288268566 331905177
15687937 23168142 30815991 31584986 35220679 38763564 50164602 53776599 70515823 71576500 80747656 86923905 90343795 91835434 95799270 105036363 134309683 170310075 173555858 176788992 206352149 212682428 220372315 240076638 255686888 266939800 294795049 309243070 314898967 359342103 362618689 423752789 442782540 467710546 508623139
16050649 18502234 22429354 23168142 28002813 41682519 46032927 48221955 58295186 58770041 95308191
16507569 17215505 18411544 36071090 39711329 55552641 134246845 145430290 157561804 159827266 238023772
17215505 18411544 20939335 28363243 36071090 38243120 39711329 49394219 76686467 97362379 101642816 125914838 128301849 134246845 137407396 145430290 145893155 157561804 159827266 161371814 226129178 238023772 241616971 275479908 279423370 300114183 415794402
17778872 22268940 40103392 41074430 45947780 48022557 92230772 99468653 119007020 127666046 143645548 143898598 146074673 146244646 147854333 156166512 166141735 166721022 168682516 171798925 175605423 183097641 188740380 191026417 196196005 215297094 222901639 245089915 252391225 255725430 272265711 272539771 277313001 290972119 343894672 355269411 370285501
17782421 66175264 89534190 95237025 179254576 292915994
17850179 18502234 22429354 23957935 28002813 30815991 35220679 38763564 38862602 40055417 41682519 42063614 47386163 50340666 53776599 54273914 58770041 86923905 90343795 91835434 95308191 95799270 97019126 105036363 107785978 112328275 156715486 170102747 173555858 182986202 212039508 240076638 242039667 266939800 279807261
18411544 20939335 28363243 36071090 38243120 39711329 49394219 76686467 101642816 125914838 134246845 145430290 145893155 157561804 159827266 161371814 226129178 238023772 241616971 275479908 300114183
18502234 19357521 22429354 23168142 23957935 24601231 28002813 30815991 31584986 31952227 32739501 38763564 38862602 40055417 41682519 46032927 47386163 48221955 49338215 50340666 53776599 54273914 54728162 58295186 58770041 64967339 69841294 69935586 70515823 71942643 76269893 80747656 84383102 86923905 90343795 91835434 95308191 112328275 128429503 136196239 148167712 164223689 165100111 170102747 173555858 181191999 188453189 206352149 211997855 212039508 216816509 223175322 231843253 240076638 249048275 249603965 250164704 255751823 275556334 279807261 286852787 291966188 309243070 310144531 433443168
19357521 22429354 23957935 28002813 38862602 47386163 48221955 58770041 71942643 95308191
19549000 225193884
19639442
20741206 33101572 106429608 151571026 152379387 314898967
20831678 33101572 106429608 127666046 151571026 165953456 188442131 194974547 201666131 208573160 224412987 224486464 232798463 241825771 280333814 288268566
20904806 50340666 165100111
20939335 65848262 76686467 97362379 101642816 137407396 145430290 157561804 159827266 238023772 275479908 300114183 415794402
22268940 48022557 99468653 99990177 168682516 170310075 196837080 201073720 212120112 252391225 255822093 269149773 272265711 272539771 280536391 339966352 355269411 368269182
22429354 23168142 23957935 24601231 28002813 30815991 31584986 32739501 38763564 38862602 41682519 46032927 48221955 50340666 54273914 58295186 58770041 64967339 69841294 70515823 71942643 80747656 86923905 90343795 91835434 93587301 95308191 97019126 109057590 128429503 156715486 164223689 165100111 170102747 173555858 182986202 212039508 221853662 240076638 249048275 249603965 259699741 279807261 432317456 433443168
23084742 73824061 231478580
23168142 23957935 24601231 28002813 30815991 38763564 38862602 41682519 47386163 48221955 50340666 54273914 57642566 58295186 69841294 71942643 86923905 90343795 91835434 95308191 95799270 105036363 112328275 136196239 170102747 179908015 221209642 249603965 266939800 275556334 433443168 455312899
23957935 30815991 31584986 32739501 35220679 38763564 41682519 47386163 48221955 49338215 50340666 54273914 54728162 57642566 58295186 58770041 70515823 71576500 71942643 78425790 86879814 86923905 90343795 93587301 95308191 112328275 128429503 134309683 136196239 148167712 156794611 164752911 165100111 170102747 173555858 179908015 181191999 182986202 192754113 201879855 206352149 212039508 221209642 231464791 231843253 240076638 249048275 255751823 259699741 275556334 279807261 286852787 291966188 310144531 433443168 442782540 508623139
24601231 28002813 30815991 38763564 41682519 46032927 50340666 54728162 57642566 58295186 69841294 70515823 90343795 91835434 97019126 179908015 206352149 212039508 240076638 249048275 255751823 279807261 433443168 515694594
24718030 54728162 64422024 66175264 77236699 165100111 168553212 250164704
25125436 368269182 446981018
28002813 38862602 41682519 46032927 48221955 50340666 53776599 54273914 58295186 69841294 71942643 84383102 86923905 95799270 105036363 109057590 111836485 112328275 170310075 173555858 179908015 206352149 216816509 221853662 249603965 250164704 266939800 279807261 294795049 309243070 343894672 433443168
28363243 36071090 39711329 125914838 159827266 238023772
30787706 145603103 157429953 195824679
30815991 31584986 31952227 35220679 38763564 40055417 41682519 42063614 46032927 47386163 48221955 50164602 50340666 53776599 54273914 57642566 58295186 64967339 69935586 70515823 71576500 78425790 80747656 86923905 90343795 91835434 95799270 97019126 107785978 109057590 111836485 134771621 136196239 156715486 165100111 170102747 170310075 173555858 176788992 179908015 181191999 182986202 188453189 201879855 206266925 206352149 212682428 216816509 220372315 223175322 231843253 240076638 242039667 294795049 309243070 314898967 423752789 426876587 433443168
31024277 66175264 179254576 292915994
31249328
31584986 38862602 41682519 42063614 47386163 49338215 50340666 58295186 58770041 64967339 70515823 71942643 78425790 80747656 86923905 90343795 91835434 95308191 107785978 109057590 134771621 148167712 165100111 169844750 170102747 206266925 223175322 255751823 294795049
31952227 38763564 41682519 42063614 48221955 58295186 58770041 69841294 80747656 86923905 91835434 95308191 165100111 170102747 180886131 181191999 188453189 212039508 275556334 310144531 357263141
32739501 38862602 46032927 48221955 50340666 69841294 148167712 170102747 310144531
33101572 106429608 151571026 152379387 201666131 208573160 209207160
35220679 38763564 42063614 50340666 70515823 71942643 83205442 86923905 90343795 97019126 111836485 134309683 164223689 170310075 171199759 173555858 182776165 240076638 255751823 259699741 274610451 279807261 294795049 309243070 423752789 433443168 467710546
35501089 142791454 217316142
36071090 39711329 49394219 125914838 134246845 145430290 159827266 238023772
38243120 49394219 101642816 145430290 157561804 159827266 161371814 238023772 279423370
38763564 40055417 42063614 46032927 47386163 48221955 50164602 50340666 53776599 54273914 54728162 57642566 58295186 58770041 61833712 66175264 70515823 71576500 71942643 76269893 78425790 84383102 86923905 90343795 95308191 95799270 97019126 109057590 111836485 128429503 134309683 136196239 148167712 156715486 156794611 165100111 170102747 171199759 173555858 176788992 179908015 180886131 182699459 182986202 183097641 184118906 201879855 206352149 212039508 212682428 218619907 220372315 221209642 221853662 231464791 242039667 249048275 249603965 250164704 255040891 255751823 266939800 274610451 275556334 279807261 286852787 294795049 296933609 309243070 310144531 314898967 357263141 359973964 362618689 423752789 426876587 432317456 433443168 442782540 508623139 515694594
38862602 40055417 41682519 42063614 50340666 54273914 58295186 58770041 69841294 69935586 80747656 90343795 91835434 95308191 95799270 105036363 107785978 109057590 112328275 136196239 148167712 156715486 169844750 170102747 173555858 182986202 216816509 249603965
39711329 49394219 55552641 125914838 134246845 145430290 159827266 238023772
40055417 41682519 42063614 50340666 70515823 71576500 80747656 90343795 95799270 97019126 107785978 176788992 182986202 223175322 294795049
40103392 45947780 89534190 99468653 143898598 166721022 168682516 171888035 175605423 183097641 202347055 212120112 222901639 277313001 357263141 361020825 370285501 445138646 458627909 86879814 92230772 127666046 143645548 146074673 156166512 166141735 188740380 196196005 272265711 355269411
41074430 48022557 99468653 146074673 147854333 166721022 168682516 183097641 188740380 191683642 196196005 215297094 252391225 255725430 272265711 315136647 343894672 355269411
41682519 42063614 46032927 47386163 48221955 50164602 50340666 54273914 57642566 58295186 58770041 64967339 69841294 69935586 70515823 71942643 80747656 90343795 91835434 95308191 95799270 109057590 112328275 128429503 136196239 148167712 156715486 165100111 170102747 179908015 180886131 181191999 184118906 206352149 218619907 249048275 249603965 433443168 508623139
42063614 50340666 54273914 58295186 61833712 70515823 71942643 80747656 90343795 91835434 95799270 97019126 107785978 109057590 136196239 148167712 156715486 165100111 176788992 179908015 182986202 188453189 206266925 212682428 216816509 218619907 240076638 266939800 294795049 314898967 433443168
43221383 89534190 99699651 143898598 170099909 201073720 201872740 215297094 255822093 299734166 339966352
44020923
45947780 48022557 89534190 99468653 119007020 127666046 143645548 143898598 146074673 146244646 147854333 156166512 166141735 166721022 168682516 170099909 171888035 175605423 191026417 215297094 222901639 253796660 255725430 272539771 277313001 315136647 343894672 355269411 357263141 361020825 370285501
46032927 48221955 50340666 57642566 58295186 58770041 69841294 71942643 93587301 112328275 136196239 148167712 170102747 181191999
47386163 48221955 49338215 50340666 54273914 58295186 58770041 69935586 71942643 90343795 91835434 95308191 105036363 134309683 136196239 173555858 181191999 221853662 286852787
48022557 89534190 127666046 146074673 147854333 156166512 168682516 171888035 175605423 183097641 188740380 191026417 196196005 215297094 222901639 252391225 255725430 272265711 315136647 343894672 355269411 361020825
48221955 50340666 54273914 58295186 58770041 61833712 69935586 70515823 80747656 91835434 95308191 112328275 156715486 164223689 165100111 170102747 181191999 188453189 231843253
48724380 51702762 61701095 69316627 72994103 142501820 200778584 240373496 263230956 321409469 328445775
49034876 51702762 61701095 69316627 102038177 132763902 142501820 145749315 168766605 227034060 230567775 240373496 240499144 259055256 276020694 283325675 293113970 321409469 321777861 479097555 481416165
49040357 178298103 191683642 195785270
49338215 50340666 58295186 58770041 69935586 71942643 80747656 95308191 97019126 136196239 148167712 181191999
49394219 97362379 101642816 134246845 145430290 157561804 159827266 226129178 238023772 241616971
50164602 53776599 58295186 70515823 76269893 84383102 86923905 90343795 95799270 97019126 109057590 111836485 134309683 136196239 148167712 156794611 170102747 170310075 176788992 179908015 182699459 206352149 211997855 212039508 218619907 220372315 240076638 242039667 246250745 249048275 250164704 255040891 255751823 275556334 279807261 286852787 291966188 294795049 309243070 314898967 413938839 426876587 432317456 433443168 442782540 455312899 467710546 508623139
50340666 53776599 54273914 57642566 58295186 58770041 61833712 69841294 69935586 70515823 71942643 78425790 83205442 86923905 95308191 106429608 109057590 112328275 128429503 136196239 156715486 165100111 169844750 170102747 173555858 181191999 182986202 212039508 212682428 231464791 231843253 240076638 249048275 249603965 255751823 275556334 279807261 286852787 291966188 310144531 433443168 442782540
51702762 61701095 69316627 134771621 142501820 200778584 211221000 226970904 230567775 240373496 283325675 293113970 321777861 378003174 463071381 479097555 488337778
53312366
53776599 54728162 58295186 61833712 64967339 69935586 70515823 86923905 90343795 93587301 97019126 105036363 111836485 156794611 171199759 173555858 179908015 180886131 182699459 182986202 188453189 206352149 211997855 212039508 216816509 220372315 221853662 240076638 242039667 249048275 250164704 255040891 255751823 259699741 275556334 279807261 286852787 294795049 309243070 310144531 342860014 343894672 359973964 432317456 433443168 455312899 508623139
54273914 57642566 58295186 58770041 61833712 86923905 95308191 107785978 112328275 156794611 164223689 165100111 170102747 171199759 173555858 181191999 188453189 211997855 212039508 216816509 231464791 240076638 242039667 246250745 249048275 286852787 310144531 362618689 433443168
54728162 58295186 58770041 77236699 86923905 90343795 156794611 165100111 168553212 176788992 179908015 182986202 183097641 192754113 206352149 212039508 249048275 250164704 255751823 279807261 310144531 314898967 359973964 368269182 433443168 515694594
55552641 101642816 134246845 145430290 157561804 159827266
57642566 58295186 69841294 70515823 86923905 90343795 93587301 156715486 170102747 176788992 182986202 223175322 242039667 249048275 309243070 433443168 442782540 467710546
58295186 58770041 61833712 64967339 69935586 70515823 71576500 76269893 84383102 86923905 91835434 95799270 105036363 107785978 109057590 111836485 136196239 148167712 156715486 156794611 165100111 170102747 171199759 173555858 179908015 180886131 182699459 182986202 188453189 201879855 206352149 212039508 223175322 240076638 242039667 246250745 249048275 255751823 259699741 271592768 275556334 310144531 342860014 362618689 433443168 442782540 508623139
58770041 69935586 71942643 86923905 90343795 91835434 95308191 105036363 112328275 136196239 148167712 156715486 156794611 170102747 171199759 173555858 176788992 180886131 181191999 182986202 184118906 188453189 192754113 249603965 250164704 255751823 279807261 286852787 294795049 359973964 362618689 433443168 515694594
61701095 69316627 72994103 134771621 142501820 168766605 180080145 200778584 211221000 226970904 230567775 240499144 259055256 321409469 321777861 445623883 479097555 481416165 488337778 328445775
61833712 64967339 90343795 93587301 109057590 134771621 168553212 170102747 182699459 182986202 188453189 212039508 221209642 221853662 231464791 231843253 242039667 250164704 255751823 259699741 275556334 279807261 426876587 433443168 488337778
64422024
64967339 70515823 78425790 148167712 164223689 170102747 184118906 194974663 201879855 211997855 212039508 218619907 223175322 242039667 249048275 255751823 259699741 279807261 286852787 343894672 433443168
65848262 76686467 97362379 145430290 159827266 238023772 275479908 351934148 415794402
66175264 77236699 89534190 95237025 176788992 179254576 212039508 219774308 250164704 292915994 357263141
68728741 194974663 198791738 209207160 224412987 232798463 251616923 255795551 299201276 323534149
69316627 72994103 142501820 180080145 226970904 227034060 240373496 261108181 283325675 293113970 321409469 327430256 328445775 378003174 481416165 488337778
69841294 86923905 91835434 95308191 112328275 173555858 216816509 223175322
69935586 181191999 182986202 188453189
70515823 71576500 76269893 78425790 80747656 83205442 86923905 90343795 93587301 97019126 109057590 111836485 136196239 148167712 157054773 164223689 170102747 170310075 173555858 176788992 179908015 206352149 211997855 212039508 212682428 223175322 240076638 249048275 250164704 255751823 266939800 275556334 286852787 294795049 309243070 310144531 359973964 423752789 433443168 442782540 467710546 508623139
71576500 86923905 90343795 173555858 176788992 179908015 242039667 279807261 296933609 309243070 432317456 433443168 442782540 508623139
71942643 91835434 95308191 107785978 112328275 169844750 240076638
72994103 142501820 168766605 180080145 211221000 226970904 227034060 230567775 240373496 240499144 259055256 283325675 293113970 321409469 321777861 327430256 328445775 378003174 445623883 463071381 481416165 488337778
73365454 89534190 99990177 170099909 171888035 201073720 222901639 270999236 272265711 327191868
73462712 73824061 173359517 231478580
73824061 231478580
76269893 80747656 97019126 109057590 111836485 132114744 157054773 170310075 176788992 179908015 206352149 212682428 216816509 220372315 240076638 249048275 274610451 279807261 294795049 309243070 346398355 423752789 467710546
76377473 99468653 109057590 119007020 127666046 143645548 166721022 171798925 188740380 277313001
76686467 97362379 101642816 137407396 145430290 238023772 275479908 300114183 351934148 415794402
77236699 90343795 91835434 219774308 247141261 249603965
77292955 191683642 216312691 225193884 242670751 302423123 326372187 330654505
77928017 424934836
78425790 80747656 90343795 95799270 134771621 216816509 240076638 255751823 272539771 309243070 426876587 433443168 467710546
80747656 86923905 90343795 93587301 148167712 164223689 165100111 170102747 179908015 188453189 201879855 206266925 206352149 223175322 240076638 249048275 279807261 294795049 423752789 433443168
83205442 84383102 86923905 91835434 109057590 136196239 240076638 242039667 309243070 433443168
84383102 86923905 90343795 157054773 170310075 192754113 212039508 220372315 221209642 231464791 240076638 242039667 249048275 286852787 294795049 309243070 413938839 426876587 432317456 433443168 455312899
84814071 95799270 109057590 169844750
85038857
86322397 134771621
86879814 92230772 99468653 119007020 127666046 134771621 143645548 146074673 147854333 156794611 166141735 166721022 171798925 171888035 182699459 183097641 188740380 194974663 202347055 211997855 212039508 212120112 215297094 221853662 225193884 255725430 272265711 279807261 290972119 299201276 355269411 357263141 359973964 361020825 362618689 370285501 426876587 432317456
86923905 90343795 91835434 93587301 95308191 95799270 97019126 105036363 109057590 112328275 134309683 136196239 148167712 156715486 156794611 164223689 165100111 170102747 171199759 173555858 176788992 179908015 180886131 182699459 182986202 188453189 206266925 206352149 211997855 212039508 212682428 216816509 220372315 221209642 221853662 231464791 240076638 242039667 246250745 249048275 250164704 255751823 259699741 266939800 279807261 286852787 291966188 294795049 296933609 309243070 310144531 314898967 342860014 362618689 413938839 423752789 426876587 433443168 455312899 508623139
89534190 92230772 99699651 99990177 115521736 127666046 132114744 143645548 143898598 146074673 147854333 156166512 166721022 168682516 170099909 171798925 171888035 175605423 179254576 183097641 188740380 191026417 201073720 201872740 202347055 212120112 212842084 215297094 217618390 222901639 225193884 245089915 252391225 253796660 255725430 255822093 269722441 272265711 280536391 289821406 290972119 292915994 299734166 315136647 317932094 327191868 339966352 343894672 355269411 357263141 361020825 364483961 368269182 370285501 445138646 535786738
90343795 91835434 93587301 95308191 95799270 97019126 112328275 134309683 136196239 148167712 156794611 164223689 165100111 168553212 170102747 173555858 176788992 179908015 180886131 182699459 182776165 182986202 206266925 206352149 211997855 212039508 212682428 218619907 220372315 221209642 221853662 240076638 242039667 246250745 249048275 250164704 255751823 259699741 266939800 275556334 279807261 294795049 309243070 314898967 413938839 433443168 455312899
91670994 178298103 216312691 225193884 228004659 242670751
91835434 95799270 105036363 136196239 165100111 169844750 249603965 279807261
92230772 99468653 99699651 127666046 143645548 143898598 146074673 146244646 147854333 156166512 166141735 166721022 168682516 171888035 175605423 183097641 188740380 196196005 201872740 202347055 212120112 212842084 215297094 222901639 252391225 255725430 343894672 355269411 357263141 361020825 370285501 272265711
92621895 127666046 152379387 198791738 209207160 232798463
93510826 157047175 205445869 228004659
93587301 148167712 164223689 165100111 170102747 188453189 212039508 218619907 221853662 249048275 259699741 275556334 279807261
95237025 179254576 292915994 357263141
95308191 112328275 134309683 136196239 148167712 165100111 176788992 182776165 182986202 221853662 249603965
95799270 97019126 109057590 111836485 112328275 134309683 136196239 148167712 156715486 169844750 170102747 170310075 173555858 176788992 179908015 182776165 182986202 206266925 206352149 220372315 223175322 240076638 242039667 249603965 250164704 255686888 266939800 294795049 314898967 346398355 359342103 359973964 423752789 433443168 467710546 508623139
97019126 136196239 156794611 173555858 176788992 179908015 180886131 182986202 188453189 206352149 212039508 212682428 220372315 221853662 240076638 242039667 250164704 279807261 286852787 294795049 309243070 314898967 359973964 423752789 432317456 508623139
97362379 137407396 145430290 275479908 351934148 415794402
99207577 274610451 275556334 343894672
99468653 119007020 127666046 143645548 143898598 146074673 147854333 156166512 166141735 166721022 168682516 171798925 171888035 175605423 183097641 188740380 196196005 201872740 202347055 212120112 215297094 217618390 222901639 225193884 245089915 252391225 255725430 272265711 277313001 290972119 299734166 317932094 343894672 355269411 361020825 370285501 445138646 458627909
99699651 99990177 147854333 156166512 170099909 175605423 191026417 201073720 212842084 222901639 253796660 255725430 255822093 269722441 277298550 299734166 315136647 343894672
99990177 143898598 171888035 175605423 201073720 212842084 255822093 299734166 364483961
101642816 145430290 145893155 159827266 238023772 300114183 351934148 415794402 157561804
102038177 127666046 225193884 245089915 327191868
102887810 145603103 157429953 178925115 195824679 291404287
105036363 107785978 173555858 216816509
106429608 152379387 188442131 208573160 255795551 288268566 299201276 323534149 331905177
107785978 109057590 206266925 216816509
109057590 136196239 156715486 157054773 169844750 170310075 173555858 180886131 206266925 206352149 216816509 220372315 223175322 240076638 279807261 294795049 309243070 314898967 343894672 413938839 426876587 433443168
111836485 157054773 170310075 179908015 182699459 201879855 206352149 211997855 220372315 223175322 249048275 274610451 294795049 310144531 343894672 346398355 423752789 433443168 467710546 508623139
112328275 136196239 156715486 165100111 170102747 173555858 182986202 221209642 255751823 279807261 309243070
115521736 119007020 143898598 146074673 146244646 147854333 166721022 168682516 171798925 183097641 215297094 222901639 272265711 343894672 370285501 458627909
119007020 127666046 132114744 143645548 143898598 146074673 147854333 166141735 166721022 168682516 171798925 171888035 183097641 188740380 196196005 202347055 212120112 215297094 222901639 225193884 245089915 252391225 255725430 272265711 272539771 290972119 343894672 355269411 355426296 361020825 370285501 445138646 527827656
125149889
125914838 145430290 159827266
127666046 132114744 134771621 143645548 143898598 146074673 146244646 147854333 156166512 166141735 166721022 168682516 171798925 171888035 175605423 183097641 188740380 196196005 202347055 212120112 215297094 222901639 224412987 225193884 245089915 252391225 255725430 272265711 277313001 290972119 321777861 343894672 355269411 357263141 361020825 370285501 445138646 458627909
128301849 134246845 159827266 226129178 241616971
128429503 134309683 143898598 156715486 164223689 176788992 181191999 212039508 221209642 231464791 249048275 279807261 286852787 426876587 433443168 515694594
132114744 143645548 146074673 157054773 166141735 170310075 171888035 183097641 188740380 196196005 202347055 222901639 225193884 272265711 277313001 355269411 361020825 370285501 423752789
132763902 259055256 481416165 488337778
134246845 145430290 159827266 226129178 238023772 241616971
134309683 176788992 206352149 212039508 220372315 242039667 249603965 255686888 266939800 275556334 279807261 294795049 442782540 467710546
134771621 157054773 168766605 170310075 206266925 206352149 212039508 221853662 226970904 240373496 255725430 259055256 268301830 321409469 328445775 343894672 378003174 423752789 426876587 432317456 433443168 467710546
134900020 355269411
136196239 148167712 156715486 165100111 176788992 179908015 180886131 181191999 182776165 211997855 212039508 221209642 231843253 249048275 249603965 255040891 255751823 291966188 312074090 342860014 359973964 413938839 432317456 433443168 455312899
137407396 145430290 238023772 275479908 300114183
138269465
140932615 145430290 146266811 157047175 205445869 228004659 263358172 357263141
142501820 145749315 168766605 180080145 200778584 211221000 226970904 227034060 240373496 283325675 293113970 321409469 328445775 463071381 479097555 488337778
142791454 217316142
143645548 143898598 146074673 146244646 147854333 156166512 166141735 166721022 168682516 171798925 171888035 175605423 183097641 188740380 190304529 196196005 202347055 209654375 212120112 212842084 215297094 222901639 225193884 238783385 245089915 252391225 253796660 255725430 262839667 272265711 277313001 280536391 299734166 315136647 343894672 355269411 356538369 357263141 361020825 370285501 387616037 458627909
143898598 146074673 146244646 147854333 156166512 166721022 168682516 170099909 171888035 175605423 183097641 188740380 191026417 191598223 201073720 202347055 215297094 217618390 222901639 252391225 253796660 255822093 269722441 272265711 277298550 280536391 289821406 290972119 299734166 315136647 327191868 339966352 343894672 355269411 357263141 361020825 370285501 527827656
145430290 145893155 159827266 161371814 166141735 238023772 241616971 279423370 300114183 351934148 359342103 415794402
145603103 157429953 168942768 178925115 195824679 291404287
145749315 227034060 240373496 293113970 321777861 327430256 479097555 481416165
145893155 159827266
146074673 146244646 147854333 156166512 166141735 166721022 168682516 171888035 175605423 183097641 188740380 191026417 196196005 202347055 212120112 212842084 215297094 222901639 225193884 245089915 252391225 255725430 272265711 272539771 277313001 315136647 343894672 355269411 357263141 361020825 370285501 458627909 527827656
146244646 147854333 166141735 166721022 168682516 183097641 191026417 196196005 215297094 222901639 252391225 255725430 272265711 272539771 277313001 343894672 361020825 370285501 458627909 527827656
146266811 157047175 228004659
147854333 156166512 166141735 166721022 170099909 171888035 175605423 183097641 188740380 191026417 191598223 196196005 201073720 201872740 202347055 212120112 212842084 215297094 217618390 222901639 225193884 246988182 252391225 255725430 255822093 269722441 270999236 272265711 272539771 277313001 280536391 299734166 315136647 317932094 327191868 339966352 343894672 355269411 355426296 357263141 358518061 361020825 364483961 368269182 370285501
148167712 170102747 170310075 180886131 182986202 212039508 216816509 249048275 279807261 309243070 413938839 423752789 432317456 442782540
151571026 152379387 188442131 198791738 201666131 224486464 227767057 232798463
152379387 201666131 224412987 227767057 280333814
153881174
156166512 166141735 166721022 168682516 170099909 171888035 175605423 183097641 188740380 196196005 201872740 202347055 212120112 212842084 215297094 217618390 222901639 252391225 255725430 255822093 272265711 277298550 277313001 280536391 299734166 317932094 327191868 343894672 355269411 357263141 361020825 370285501 527827656
156715486 165100111 170102747 173555858 180886131 182986202 194974663 212039508 218619907 249603965 255751823 314898967 515694594
156794611 171199759 176788992 179908015 192754113 206352149 212039508 220372315 221209642 240076638 255751823 279807261 314898967 359973964 362618689 433443168 455312899 508623139
157047175 177113245 205445869 228004659
157054773 170310075 182699459 206266925 212039508 220372315 249048275 294795049 299201276 309243070 314898967 343894672 362618689 413938839 423752789 426876587 432317456 433443168 455312899 467710546
157429953 195824679 291404287
157561804 159827266 238023772 275479908 300114183 415794402
159827266 226129178 238023772 241616971 415794402
160818546 165953456 224412987 227767057
161371814 238023772 279423370
164223689 181191999 211997855 212039508 242039667 249048275 279807261 286852787 413938839
164752911 182699459 192754113
165100111 170102747 180886131 182986202 211997855 212039508 218619907 250164704 255751823 275556334 310144531 357263141 433443168
165779384 167341007 410009689
165953456 208573160 224412987 224486464 227767057 280333814
166141735 166721022 171798925 171888035 175605423 183097641 188740380 191026417 196196005 202347055 212842084 215297094 222901639 225193884 245089915 252391225 255725430 272265711 277313001 280536391 290972119 299734166 315136647 355269411 357263141 361020825 370285501 437708631 445138646
166721022 168682516 171888035 175605423 183097641 188740380 191026417 196196005 202347055 215297094 222901639 252391225 272265711 272539771 280536391 290972119 343894672 355269411 357263141 361020825 370285501 527827656
167341007 327280117 342533456 387996793 410009689 444662931
168553212 182986202 212039508 221853662 250164704 426876587 432317456
168682516 170310075 171798925 175605423 183097641 196196005 215297094 222901639 245089915 272265711 272539771 277313001 343894672 361020825 370285501 445138646 458627909
168766605 180080145 211221000 226970904 230567775 240373496 283325675 293113970 327430256 378003174 481416165 488337778
168942768
169844750 423752789
170099909 171888035 175605423 188740380 191026417 201073720 201872740 212842084 215297094 217618390 222901639 252391225 253796660 255822093 269722441 270999236 272265711 280536391 289821406 299734166 315136647 327191868 339966352 343894672 355269411 357263141 361020825 364483961
170102747 179908015 180886131 182986202 201879855 206266925 212039508 218619907 231464791 240076638 242039667 249048275 249603965 255751823 259699741 275556334 279807261 310144531 433443168
170212671
170310075 179908015 182699459 201879855 206266925 206352149 211997855 220372315 223175322 272265711 294795049 309243070 343894672 346398355 355269411 413938839 423752789 433443168 467710546 508623139
170356721
171199759 192754113 221209642 249048275 255751823 266939800 274610451 359973964 362618689 455312899
171798925 202347055 212120112 215297094 222901639 225193884 245089915 255725430 277313001 290972119 355269411 355426296 361020825 370285501 445138646 527827656
171888035 175605423 183097641 188740380 191026417 196196005 196837080 201073720 202347055 212842084 215297094 222901639 225193884 252391225 255725430 270999236 272265711 277298550 277313001 280536391 290972119 299734166 315136647 327191868 343894672 355269411 357263141 361020825 370285501 458627909
171959532
173359517 176788992
173555858 216816509 242039667 250164704 279807261 286852787 294795049 309243070 423752789
175605423 183097641 188740380 191026417 201073720 202347055 212120112 212842084 215297094 222901639 246988182 255725430 269722441 272265711 277313001 280536391 299734166 315136647 317932094 327191868 339966352 343894672 355269411 357263141 361020825 364483961 370285501 458627909
176406608 194974663
176788992 179908015 206352149 212039508 212682428 220372315 240076638 242039667 246250745 247141261 249048275 250164704 266939800 275556334 279807261 294795049 296933609 309243070 314898967 342860014 359342103 359973964 432317456 442782540
177113245 205445869 228004659
178298103 191683642 195785270 312658360
178925115
179254576 292915994 357263141
179908015 180886131 201879855 206266925 206352149 212039508 212682428 220372315 240076638 246250745 249048275 255751823 266939800 274610451 279807261 294795049 296933609 314898967 343894672 346398355 359973964 423752789 426876587 432317456 433443168 442782540 455312899 467710546 515694594
180080145 240373496 283325675 293113970 481416165 488337778
180313403 327280117
180886131 182986202 212039508 240076638 242039667 250164704 279807261 294795049
181191999 212039508 231843253 249048275
182005825
182699459 192754113 211997855 212039508 220372315 250164704 255040891 279807261 286852787 294795049 309243070 343894672 362618689 413938839 426876587 433443168 442782540 455312899
182776165 221209642 294795049 296933609 312074090 346398355 359342103 413938839 455312899
182986202 188453189 250164704 255751823 259699741 275556334
183097641 188740380 196196005 201872740 202347055 212120112 215297094 217618390 222901639 225193884 245089915 252391225 255725430 272265711 277313001 280536391 289821406 299734166 315136647 317932094 343894672 355269411 357263141 361020825 368269182 370285501 445138646 458627909 515694594
184118906 188205907 209207160 221853662 224412987 323534149
188205907 288268566 224412987
188442131 232798463
188453189 231843253 266939800 275556334 286852787 433443168
188740380 191598223 196196005 202347055 212120112 215297094 222901639 225193884 252391225 255725430 272265711 277313001 299734166 315136647 317932094 343894672 355269411 357263141 361020825 370285501 445138646
190304529 209654375 262839667 385890402
191026417 202347055 212842084 215297094 222901639 355269411 275945552 315136647 343894672 357263141 361020825 370285501
191598223 212120112 217618390 252391225 327191868 357263141
191683642 195785270 228004659 312658360
192754113 359973964
194974547
194974663 198791738 221853662 224412987 232798463 251616923 255795551 286852787 299201276 323534149 331905177
195785270 312658360
195824679 387996793
196196005 201872740 202347055 212120112 215297094 222901639 252391225 255725430 255822093 272265711 290972119 299734166 343894672 355269411 357263141 361020825 527827656 535786738
196837080 276020694
198791738 209207160 224486464 232798463 236917336 255795551 323534149 331905177
200778584 226970904 227034060 230567775 240373496 327430256 328445775 445623883 479097555 481416165
201073720 201872740 212842084 215297094 217618390 222901639 255822093 270999236 272265711 327191868 343894672 364483961
201631403
201666131 208573160 224412987 227767057 232798463 241825771
201872740 212120112 212842084 215297094 222901639 246988182 252391225 255822093 272265711 272539771 275945552 280536391 327191868 339966352 343894672 355269411 357263141 358518061 364483961 368269182
201879855 206352149 223175322 279807261 294795049 423752789 433443168
202347055 215297094 222901639 252391225 272265711 277313001 280536391 289821406 315136647 355269411 357263141 361020825
205445869 228004659 263358172
206266925 216816509 220372315 240076638 309243070 413938839 423752789
206352149 212039508 212682428 220372315 221853662 223175322 240076638 242039667 246250745 249048275 250164704 255751823 274610451 275556334 279807261 294795049 309243070 314898967 342860014 343894672 346398355 423752789 442782540 467710546 488337778
208573160 209207160 224412987 224486464 227767057 232798463 280333814 288268566
209207160 224486464 232798463 236917336 323534149 331905177
209654375 238783385 262839667 356538369 387616037
211221000 240373496 283325675 293113970 321409469 327430256 378003174 463071381 481416165 488337778
211997855 212039508 221853662 249048275 250164704 255751823 275556334 279807261 286852787 309243070 310144531 426876587 432317456 515694594
212039508 220372315 221209642 221853662 231464791 240076638 242039667 249048275 250164704 255751823 275556334 279807261 286852787 291966188 294795049 296933609 309243070 310144531 342860014 359342103 359973964 426876587 432317456 433443168 455312899 467710546 488337778 515694594
212120112 215297094 217618390 222901639 225193884 255822093 269149773 277298550 277313001 280536391 289821406 299734166 315136647 317932094 339966352 343894672 355269411 368269182 370285501 458627909 535786738
212682428 220372315 240076638 266939800 274610451 294795049 314898967 346398355 359973964 423752789 433443168
212842084 215297094 222901639 253796660 272265711 315136647 327191868 343894672 355269411 361020825
215254287
215297094 222901639 245089915 252391225 253796660 269722441 270999236 272265711 272539771 277298550 277313001 280536391 290972119 299734166 315136647 317932094 327191868 339966352 343894672 355269411 357263141 361020825 370285501 445138646 458627909
216312691 225193884 242670751
216816509 274610451 279807261 343894672 423752789
217316142
217618390 222901639 252391225 272265711 289821406 290972119 299734166 327191868 343894672 355269411 357263141
218619907 220372315 240076638 242039667 259699741 294795049 309243070 314898967
219774308 247141261
220372315 240076638 249048275 268301830 274610451 291966188 294795049 309243070 314898967 362618689 413938839 423752789 426876587 433443168 467710546 508623139
221209642 242039667 249048275 255751823 266939800 274610451 279807261 286852787 296933609 309243070 310144531 359342103 362618689 426876587 433443168 455312899 508623139
221853662 246250745 247141261 250164704 259699741 279807261 286852787 299201276 426876587 432317456 488337778
222901639 225193884 245089915 252391225 253796660 255725430 269722441 272265711 277313001 280536391 289821406 290972119 299734166 315136647 317932094 327191868 339966352 343894672 355269411 355426296 357263141 361020825 364483961 368269182 370285501 535786738
223175322 467710546
224412987 224486464 227767057 232798463 236917336 241825771 251616923 255795551 280333814 299201276 323534149
224486464 227767057 232798463 236917336
225193884 242670751 245089915 255725430 272265711 277313001 355269411 357263141 361020825 370285501
226129178 238023772 241616971
226970904 293113970 445623883 481416165 488337778 328445775
227034060 240373496 259055256 321409469 321777861 378003174 479097555 481416165 488337778
227767057 232798463 241825771 280333814 323534149
228004659 242670751 263358172 357263141 361020825
230567775 286852787 293113970 481416165 488337778
231464791 242039667 249048275 250164704 286852787 309243070 310144531 433443168
231478580 358518061 438676459 508947736
231843253
232798463 236917336 251616923 255795551 288268566 299201276 323534149
233505311
236917336
238023772 241616971 275479908 276020694 300114183 351934148 415794402
238783385
240076638 242039667 249048275 250164704 255751823 266939800 274610451 279807261 294795049 309243070 314898967 423752789 426876587
240373496 259055256 263230956 283325675 321409469 378003174 445623883 463071381 479097555 481416165 488337778
240499144 293113970 328445775 479097555 481416165
241616971
241825771
242039667 249048275 250164704 279807261 286852787 294795049 309243070 314898967 413938839 426876587 433443168 467710546 508623139
242670751 375111089
245089915 255725430 272539771 277313001 290972119 355269411 361020825 370285501 445138646
246250745
246988182 275945552 289821406 290972119 343894672 368269182
247083462
247141261
249048275 255751823 266939800 275556334 279807261 286852787 291966188 309243070 310144531 314898967 362618689 426876587 433443168 455312899 467710546 508623139
249603965
250164704 255751823 286852787 309243070 310144531 314898967 426876587 432317456 467710546 508623139
251616923 255795551 288268566 299201276 323534149
252391225 255725430 255822093 269149773 272265711 280536391 290972119 299734166 315136647 327191868 339966352 343894672 355269411 357263141 361020825 368269182 445138646
253796660 280536391 327191868
255040891 279807261 309243070
255686888 423752789 433443168 467710546
255725430 272265711 277313001 290972119 343894672 355269411 361020825 445138646 458627909
255751823 259699741 266939800 275556334 279807261 294795049 309243070 310144531 314898967 432317456 442782540 455312899 515694594
255795551 299201276 323534149
255822093 269149773 275945552 277298550 280536391 289821406 299734166 327191868 339966352 343894672 357263141 364483961 368269182
259055256 283325675 293113970 321409469 378003174 463071381 479097555 481416165 488337778
259699741 279807261 433443168 442782540
261108181 327430256 328445775
262839667 387616037 424934836
263230956
263358172
266939800 275556334 291966188 294795049 343894672 433443168 455312899 508623139 515694594
268301830 274610451
269149773 280536391 299734166 339966352 368269182
269722441 343894672 355269411 361020825 364483961
270999236 272265711 327191868
271592768 272539771
272265711 280536391 299734166 315136647 327191868 339966352 343894672 355269411 357263141 361020825 368269182 370285501 527827656
272539771 343894672 370285501
273381171
274610451 310144531 343894672 346398355 423752789 467710546
274618044
275293111
275479908 300114183 351934148 415794402
275556334 279807261 310144531 357263141
275945552 289821406 339966352 368269182
276020694 479097555 481416165
277298550 280536391 299734166 317932094 364483961
277313001 290972119 299734166 355269411 357263141 361020825 370285501 445138646
279423370
279807261 286852787 294795049 296933609 309243070 310144531 314898967 342860014 359342103 359973964 362618689 432317456 433443168 442782540 455312899 467710546
280333814
280536391 289821406 299734166 315136647 327191868 339966352 355269411 357263141 361020825 364483961 368269182
283325675 293113970 321409469 321777861 327430256 328445775 378003174 445623883 479097555 481416165 488337778
286391914
286852787 309243070 310144531 413938839 426876587 432317456 433443168 455312899 508623139 515694594
288268566
289821406 299734166 317932094 339966352 357263141 364483961 368269182 535786738
290972119 343894672 355269411 426695350
291404287
291966188 426876587 433443168
292915994 357263141
293113970 321777861 327430256 328445775 378003174 445623883 479097555 481416165 488337778
294795049 296933609 309243070 314898967 346398355 359342103 413938839 423752789 433443168 455312899 467710546
296933609 359342103 442782540 508623139
298845865
299201276 323534149
299734166 317932094 339966352 343894672 355269411
300114183 351934148
302423123 326372187 330654505
309243070 310144531 362618689 413938839 426876587 433443168 467710546 508623139
310144531 433443168 515694594
311609610
312074090 413938839
312658360
313871303
314898967 346398355 359973964 426876587
315136647 343894672 355269411 357263141 361020825 370285501
317384980
317932094 368269182 339966352
319435898
321409469 327430256 328445775 378003174 445623883 463071381 479097555 481416165 488337778
321777861 328445775 479097555 481416165 488337778
323534149 331905177
326372187 330654505
327191868 355269411 361020825 364483961
327280117 387996793 444662931
327430256 445623883 463071381 479097555 481416165
328445775 445623883 463071381 479097555 488337778
330654505
331905177
339966352 357263141 358518061 364483961 368269182 535786738
342533456 387996793 437708631 444662931
342860014 362618689
343894672 355269411 357263141 361020825 370285501 413938839 423752789 426876587 433443168 455312899 458627909 467710546 527827656
346398355 359342103 423752789
346975018
351934148 415794402
355269411 355426296 357263141 361020825 364483961 370285501 445138646 458627909
355426296
355427494
356538369 387616037
357263141 361020825 364483961 368269182 370285501 515694594
358518061
359342103 413938839 423752789 442782540 455312899
359973964 467710546 515694594
361020825 370285501 445138646 458627909 527827656
362618689 433443168 508623139
364483961
368269182 535786738
368926981
370285501 458627909
375111089
378003174 463071381 479097555 488337778
385890402
387616037
387996793 437708631
410009689
413938839 426876587
415794402
423752789 467710546
424934836
426695350
426876587 432317456 433443168 455312899 467710546
432317456 433443168 442782540 508623139
433443168 442782540 455312899 467710546 508623139
437708631
438676459
442782540 508623139
444662931
445138646 458627909
445623883 463071381 481416165 488337778
446981018
455312899 467710546 515694594
458627909
463071381 479097555 481416165 488337778
467710546 508623139
479097555 481416165 488337778
481416165 488337778
488337778
508623139
508947736
515694594
527827656
535786738
542076415
555775472
